0
274
871
1729
1743
2024
2778
2832
3262
3608
3694
3747
4426
4445
4460
5075
5172
6371
6907
6946
7021
7316
7407
7769
8846
9306
9338
9560
10004
10486
10648
11045
11092
11109
11213
11547
11683
12579
12963
13446
14432
15128
15350
15354
15724
16012
16351
16494
16515
16934
16975
17452
17486
17597
17849
18728
18976
20024
21405
21554
21698
21797
22754
23203
23548
23758
24574
24875
24947
25280
25400
25431
25473
25930
26903
27183
27568
27649
27875
28205
28871
28931
29441
29582
29631
29652
29812
30108
30259
30574
30854
30870
32007
32442
32491
32498
32687
33488
34601
34646
34904
35344
35363
36054
36643
36801
37615
37921
38381
38795
39532
39551
39559
40062
40240
40717
41030
41076
41161
41688
41993
42060
42238
42988
43545
43712
44361
44840
45195
45297
45409
45796
46157
47309
47698
48652
48732
48963
48982
49659
50062
51027
51062
51274
52459
52581
52616
53709
53972
54079
54184
54231
54318
54474
54581
54697
55451
55616
56041
56078
56454
56565
56963
58314
58470
59090
60102
60432
60664
60947
61354
61426
61578
61650
61718
62312
62495
62575
62657
62717
63520
63722
63780
63933
64373
64407
65315
66137
66568
66648
66657
66729
66767
67078
69258
70609
70841
71550
72791
73068
73116
74365
74691
75243
75327
75351
75644
75729
76390
76399
76462
76907
76958
77111
77188
77383
77442
77566
78006
78628
79057
79672
79851
80136
80418
81003
81408
81512
81714
81932
81960
82237
83427
84871
85495
85557
85650
86409
87124
87129
87286
87706
87732
88162
88251
88319
88411
88656
89213
89702
90438
90773
91424
91547
91837
94582
94700
94830
94973
95027
95603
95932
96187
96963
97118
97644
98455
98940
99070
99351
99699
100610
101538
101685
101718
102557
103318
104158
105327
105464
105798
105929
105953
105962
106088
106291
106781
106805
106954
107513
107806
108153
108563
108945
109106
109882
110015
110172
110629
111116
111449
111915
113015
113480
114230
114315
115551
116459
116793
117116
118872
119279
120165
121124
121209
121503
121777
122559
123810
124758
124934
124965
125016
125221
126822
126870
127257
127463
127763
128169
128793
129443
129776
130149
130559
130900
131582
131594
132476
132667
132684
134595
135607
135844
136149
136885
137210
137781
138107
138275
138690
138831
138881
139065
140122
141638
141745
141867
142301
142830
143449
144379
144809
145151
145185
145396
145945
146060
146850
147421
147651
147960
148102
148149
148343
149214
149428
149770
149975
150099
150293
150403
150524
151016
151176
151311
151412
151438
151816
152051
152176
152217
152910
152971
153221
153375
154885
154896
155522
155557
155777
156157
156215
156387
156593
156909
157279
157944
158167
158562
158784
158957
159698
160285
160439
161299
161476
162071
162878
163535
163752
164029
164136
164175
164235
164708
166077
166575
166788
167166
167193
167396
167589
168189
168411
168733
168918
169079
169350
169574
171415
171757
171849
173168
173333
173418
173432
173802
173842
173871
174847
175030
175139
175854
175931
175987
176272
176572
177148
177853
178001
178437
178552
178576
179302
179605
180330
180951
181195
181241
181780
182532
183076
183171
183444
183469
183669
183816
183890
184372
185132
185852
186169
186918
187532
187665
188246
188523
188776
190267
190313
190481
190812
191149
191313
192667
193258
193464
193765
194002
194136
194881
195009
195614
195697
195730
195858
196434
196552
196670
197345
197534
197675
198622
198742
198935
199225
199626
199696
200305
200507
200832
200933
201479
201673
202052
202134
202259
202291
202292
203204
203416
203685
205761
206387
206843
207124
207215
207431
207554
207671
207899
207922
208118
208276
208735
209190
209243
209357
209836
209872
210007
210161
210199
211037
212093
212826
213110
214077
214842
214945
215631
216134
216166
216387
216548
216691
216723
216945
217135
217231
218056
219103
219559
220007
220100
221291
221713
222149
222620
222664
222681
223091
223904
224182
224273
224902
225770
226328
226846
227337
227806
228084
229589
229872
229881
230140
230433
231676
231760
231773
232180
233297
233761
234155
234171
234288
234322
234373
234507
234516
234765
235028
235167
235340
235454
235594
235984
236218
236498
237228
237380
238833
239042
239329
239954
240038
240254
240453
241398
241592
242420
242523
243254
243629
243899
243929
244338
244545
244730
245541
245698
246623
247278
247436
247561
247845
247906
248192
248205
248501
248677
248946
249229
251274
251664
251745
252166
253019
253576
255225
255392
255911
256141
256254
256676
256783
257544
257844
257962
258237
259460
259769
259907
259976
260071
260165
260774
261403
261715
261773
261789
261906
262193
263121
263284
263658
264287
265583
265787
266004
266803
267060
267323
267331
267730
267831
268140
268229
269120
269385
270716
270983
271951
272312
272332
272574
273156
273881
274176
274598
274955
275437
275667
275808
276029
276887
276982
277235
277666
278165
278173
278590
278817
279436
279661
279830
280064
280085
280576
281006
281127
281175
281792
282717
283474
283912
284033
284371
284752
284881
285147
285244
285266
285729
286146
286296
287109
287331
288332
290004
290589
291613
292363
292821
293496
294685
295106
295564
296086
296223
297764
297958
298614
299400
300123
300310
300471
300654
300746
300789
301744
302005
302178
302255
302542
302688
302693
302810
303209
303718
304207
304540
304610
305007
306162
306367
306781
307613
307967
308890
308939
309089
309854
310343
310540
311118
311493
311570
312009
312167
312752
313244
313293
313848
314727
315203
315323
315855
316792
317184
317555
318320
318774
319241
319498
319715
319843
319900
320561
320578
320879
321178
321260
321482
321740
323647
324593
325121
325469
325663
326509
326589
327422
327467
327659
328132
328545
328826
329381
329700
330380
330539
330911
331035
332331
332527
332692
333054
333454
333707
334244
334695
336547
336729
336973
336994
337698
338109
339021
339323
340437
340510
340667
341087
341296
341433
341777
341989
342358
342876
342975
343759
343943
344183
344640
345286
345299
345356
345570
345571
346425
346939
347615
347882
349499
349622
349718
350441
351125
351514
351668
352059
352267
352419
352923
353459
353760
353969
354455
354748
355769
356668
356750
357326
358059
358100
358204
358573
359039
360118
360518
360534
360657
360711
361150
361658
361716
361908
362087
362196
363344
363360
363444
363769
364010
364285
364571
364832
365168
365727
366823
367176
367606
367757
367992
368113
368148
368376
368385
368819
369296
370636
371374
371512
371606
372116
372345
372358
372483
373492
373976
374782
374867
375322
375519
375638
375639
377062
377142
378002
378241
378292
378347
378608
378754
379645
379664
380659
380762
381537
381974
382109
382221
382229
382332
383667
383684
384181
384352
384654
385997
386836
387042
387276
387621
387738
387891
388041
388447
389121
389289
389448
390133
390678
392653
392655
392723
393147
393371
393477
393479
395453
395962
397842
397966
399201
400297
400342
400496
400703
400920
400999
401336
402155
402296
402614
403317
403336
403426
404491
404858
405064
405224
405508
405697
406445
406506
406563
406796
407005
407258
407318
408744
408925
409110
409276
410045
410502
411027
411933
412041
412103
412113
412425
412528
412600
413110
413719
414014
414052
414132
414772
414893
415104
415194
415656
415662
415961
416297
417789
418647
418650
418863
418880
418883
419220
419276
419468
419753
419999
420060
420258
421006
421957
421987
422196
422788
423038
423103
423290
423482
423527
423598
424070
424354
425295
425373
426237
427453
427486
427630
427645
428238
428451
429518
429908
430827
430840
431679
432214
432430
432473
432662
433464
434126
434250
434347
435039
435078
435754
435782
435875
436571
436736
437259
437758
438406
438629
438956
439321
441354
443358
443480
443647
444888
444996
445202
445259
445900
446001
446587
446976
448140
448541
448692
448862
448901
448970
449608
449654
450015
451356
451445
451698
452502
452918
453474
453737
454305
454592
454813
455176
455411
456085
456127
456697
456701
458620
458889
459128
459648
459692
460766
461089
462001
462285
462579
463370
463951
464552
464761
464863
465285
465351
465749
465881
465895
465970
466114
466161
466767
466926
467534
469380
469420
469523
469705
469712
470933
471064
472463
473066
473627
473787
474430
474916
474960
475284
475451
475575
476078
476378
477610
478065
478881
478943
478997
479046
479309
479639
480263
480525
480670
480973
481006
481096
481285
481296
481847
481956
482117
482118
483258
483386
483552
484401
484815
485147
485224
485486
486063
486368
486766
486820
487123
487240
487540
487604
487677
487844
487858
488542
489241
489801
491121
491336
491341
491358
491634
491793
492431
493053
493067
493092
493306
493731
494669
495048
495487
495504
496084
496096
497531
498139
498249
498268
498616
498889
499237
499429
499790
500191
500229
500252
501613
501993
502205
502651
503102
503685
503906
504565
504758
505076
505700
506341
506428
506563
506863
506914
507208
507566
509819
509991
510514
511231
511510
511793
511968
512600
513062
513220
513244
513402
513548
513608
513669
514208
514480
515464
515968
516118
516365
516422
516648
516898
516975
517087
517747
518146
518367
518844
519325
519562
520126
520278
520344
520513
520593
520998
521113
522512
523038
523577
524463
524732
526039
527179
527897
528005
528355
528418
528954
528991
529059
529195
529893
530434
530984
532477
532731
532765
534752
534899
534966
535370
535413
535629
535715
536587
536965
537175
537521
537543
537564
538477
538491
539144
540244
541275
541330
541791
542084
542644
542672
542772
543060
543189
543477
543740
544111
544297
546252
546270
546554
546736
548542
548635
548977
549443
549590
549705
549826
550002
550396
550440
550621
551510
551636
551711
551751
551777
552017
552098
552518
552535
552701
552743
555067
555477
555657
555739
555909
556046
556229
556542
556580
557091
557095
557751
558180
558922
559101
559136
559449
559696
559996
560099
560351
560594
560876
561016
561574
561931
561978
562366
563480
563953
564308
564327
564508
564666
565074
565714
565864
565897
566635
566917
566990
567126
567588
568334
568459
568869
568973
569064
569495
569914
570170
570212
571057
571369
571489
571820
571914
572001
572746
572755
573346
573606
574771
575245
575975
576110
576381
577351
577558
577910
577993
578019
578602
578791
579868
580048
580302
581314
581615
581745
582404
582705
582720
582854
583149
583582
583607
583768
584300
584443
584750
584853
584890
585942
586779
587162
587202
587505
587589
588228
588875
589381
589517
591520
592357
592616
593715
593895
595368
595487
595649
595861
596176
596535
596645
596999
597029
597828
598012
598117
598407
599022
599576
599795
600538
600847
601090
601405
601414
603296
604242
604369
604525
604634
605238
605395
606409
607404
607595
607640
607673
608272
608360
609470
609790
610238
610245
610383
610612
610689
610787
611655
611715
611916
612602
612619
613856
614675
614726
615470
615801
615837
615888
616089
617150
617220
617267
617596
617632
617717
618054
618363
618959
619084
619135
619342
619365
619472
619926
620609
620617
621453
621661
622020
622434
623957
624423
624443
624539
625179
625411
626174
627458
627638
627760
628257
628456
628631
629612
629810
630057
630239
631291
631470
631753
631865
632099
632387
632504
633101
633451
634130
634463
635205
636278
636329
636349
636554
636902
637265
637653
638078
638142
638901
638932
638985
639961
640207
640867
641099
641724
642619
642964
644061
644261
644407
644598
645237
645328
645987
646095
646244
646743
646998
647233
647703
647948
648094
648508
649080
649638
651330
652369
652570
652688
653155
653258
653444
653488
653522
654007
655229
655333
655483
655692
655884
657571
658088
658340
659137
659184
659447
659733
659844
659978
661266
661381
662253
662495
662591
662687
662802
663126
663152
663734
664401
665050
665953
666577
666698
667224
667550
667921
668713
668961
669170
669242
669601
670235
670693
670856
671751
671879
671936
672112
672498
672631
673866
674451
674679
675975
676503
677468
677761
678030
678587
678593
678896
679434
679682
679780
680786
680900
681070
681314
681557
681680
681687
681797
682716
683022
684187
684417
684910
684945
684963
685049
685690
685804
686090
686161
686205
686394
686400
686684
688468
688573
689372
689434
690064
690122
690424
690987
691469
691675
691959
692267
692518
692991
693114
693296
693330
693365
693886
694289
694507
694994
695043
695764
696171
696325
696402
696646
697316
698143
698698
698882
699039
700032
700313
700518
700699
700792
700811
700885
700969
701358
701557
701642
702208
702368
702397
702886
703112
703411
703506
703509
703670
704573
706139
706210
706235
707833
707865
708596
709793
709890
710360
710485
710973
711120
711813
712302
712939
713986
714156
715243
715727
716285
716443
716624
717177
717916
719051
719461
719982
720030
720235
720759
720944
721241
721322
721703
722116
724237
725073
725125
725238
725329
725413
725620
726038
726204
726266
726801
726884
727573
727749
729121
729574
729947
730922
730963
731549
732950
733192
733208
733442
733478
733510
733743
733914
734538
735249
736267
736424
736564
737199
737438
737677
738039
738332
738403
739066
739837
740149
740286
740604
740696
741042
741143
741517
741599
741618
741813
742161
743308
743345
743521
744001
744328
744897
745296
745404
745578
746429
746736
746865
747703
748092
748631
748841
748954
750449
750565
750607
750649
750655
750996
751611
751761
752245
752926
753563
753644
753645
753964
754293
755363
756060
756396
756507
756639
756757
756891
757039
757165
757359
758163
758428
758876
759149
759190
759347
759761
760321
761029
761098
761144
761365
761808
762161
762854
762911
763297
763411
763439
763642
764545
764787
766325
767330
767583
768319
768365
768866
769240
769317
770158
770377
771623
771636
771856
773129
773884
774510
775627
775705
775806
775929
776184
776541
776608
777740
778478
778696
780116
780203
780298
780731
780866
781357
781397
781834
782165
782573
782812
783724
783780
783994
784188
784245
784564
784607
784651
785237
785251
786604
786913
787593
787744
788003
788178
788623
788706
788877
789028
789193
789408
789751
789949
790290
791722
791936
792344
792840
793338
794223
794362
795802
796058
797416
797937
798345
798576
798819
798918
799327
799868
800092
801172
801737
801740
801917
802155
802168
802609
803279
803494
804031
804478
804640
805436
806524
806730
806891
807109
807324
807562
807625
807686
808151
808217
808988
809321
809418
809751
809856
809860
809952
810124
810169
810490
811007
811246
811394
811721
812039
812058
812125
812679
813983
814042
814368
814735
815451
815862
816143
816494
817092
817388
817958
818314
818326
819590
819609
819736
820211
820800
820961
821212
821617
822544
823100
823314
824056
824145
824840
824925
825002
825183
825894
825943
826258
826325
826399
826578
827130
829165
829572
830022
830480
830493
830722
830848
830897
831015
831175
831384
831456
831878
831917
833109
833172
833643
833706
834188
834247
834888
835012
835156
835283
835685
836415
836603
837186
837589
837908
838440
838563
838607
839259
839355
839497
839808
840102
840177
840351
840486
841320
841558
841679
841718
841861
842146
842569
842736
842845
843713
843795
844526
845776
847063
847497
847596
848310
848321
848392
848440
849108
849164
849976
851137
852000
852070
852210
852809
853009
853566
853885
854333
854941
855669
856708
856890
857196
858477
858984
859059
859536
859713
859899
860668
860769
861209
861756
862232
862430
862573
862710
863358
863520
865037
865460
865476
866270
866440
866589
866604
866608
867365
867565
867575
868661
869165
869275
869503
870140
870645
870892
871561
871717
872045
873024
873375
873538
873795
874019
874021
874078
874090
874766
875705
875756
877160
877529
877899
878247
878717
879032
879132
881030
881274
881382
881624
881631
882065
882525
883308
883321
883774
884586
885592
885709
886836
887024
887141
887262
887321
887359
887448
888000
888168
888542
888688
889403
889621
889631
890989
890994
891003
891136
891672
892405
892476
892705
892767
893206
893417
894280
894900
895382
895990
896859
897052
897467
897556
898113
898168
898203
898752
899591
899905
899918
900879
901803
901821
902507
902878
903487
903909
903992
904208
904252
904556
905056
905519
905994
906345
906927
906964
906987
907269
907367
907806
907885
908646
908964
909704
910493
910669
910870
910889
911332
912058
912331
912691
912810
912901
912990
913071
913169
913197
913453
913573
913868
914018
914047
914461
915901
916074
916506
916580
917197
917424
917699
917819
917874
918422
918428
918593
918961
919063
919118
919228
919457
919458
919869
920098
920195
921666
921800
921833
922663
922965
923683
924537
924652
924689
924787
925096
925724
926445
927636
927910
928033
928128
928492
929024
929106
930126
930140
930638
931107
931924
932167
932474
932559
933710
934167
935077
935095
935106
936450
936623
936838
936949
937134
937922
938071
938712
939069
939116
939331
939340
939671
940238
940561
940835
941005
941645
941810
941856
942659
943507
943730
943998
944016
944081
944688
945358
945622
946032
946107
946883
946964
947014
947511
948425
948480
948514
948756
948932
949006
949557
949732
949846
949884
949986
950111
950564
950592
950646
950931
951330
952044
952965
953809
954048
954101
954967
956142
958129
958474
958546
958642
958915
959329
960078
960615
960774
961049
961071
961238
961291
961315
961417
962071
962785
962904
963894
963930
964408
964411
964840
965153
966024
966062
966285
968216
969496
969595
969693
969780
970044
971361
971419
971485
971505
971846
972407
972671
973192
974125
974903
975127
975145
975409
975802
975839
976309
977177
977500
977589
977629
978347
978423
978851
979359
980088
980454
980685
980903
981172
981557
981785
982022
982421
983097
983197
983856
984032
984539
984843
984846
984984
985002
985489
985882
986393
986784
987033
987065
987166
987222
987380
987717
987859
988283
989092
989878
990025
990225
990247
990263
991086
991132
992290
992629
993391
994009
994369
994790
995385
995512
995612
995677
995897
995958
996108
997895
998245
998735
999281
999529
1001858
1002606
1002683
1002826
1002914
1003213
1003661
1004524
1004577
1005282
1005506
1005632
1006217
1006227
1006511
1007379
1007700
1007739
1007779
1007848
1008395
1009372
1009652
1010055
1011060
1011587
1011684
1011791
1011970
1012231
1012732
1013019
1013375
1014225
1015212
1015326
1015733
1016027
1016177
1016186
1016897
1017815
1018290
1018563
1019049
1019400
1019480
1019844
1020441
1020478
1020501
1021870
1021949
1022410
1023098
1023339
1023369
1023945
1024469
1024564
1024868
1025366
1025773
1026152
1026226
1026360
1026571
1026931
1028009
1028662
1029100
1029156
1029664
1029830
1029871
1030016
1030101
1030374
1031118
1032258
1032324
1032931
1033238
1033485
1033556
1033925
1034450
1034556
1034881
1035560
1036125
1036160
1036459
1036510
1037113
1037129
1037189
1037550
1037796
1038508
1038749
1038994
1039189
1039306
1039485
1040514
1040521
1040587
1041133
1041417
1041693
1041895
1041910
1042426
1042588
1042597
1042840
1043678
1043701
1043759
1044597
1044779
1045292
1045740
1046123
1046916
1046946
1047196
1047554
1047988
1048927
1048984
1049459
1049644
1049819
1050737
1051330
1051765
1051920
1053125
1053330
1053493
1053543
1053994
1054233
1054405
1055130
1055284
1055422
1055548
1056057
1056095
1056684
1057229
1057241
1057365
1058168
1058548
1058576
1059541
1059884
1060230
1060899
1061223
1061373
1061928
1062580
1062979
1063372
1063805
1063809
1064369
1064533
1064579
1064893
1065740
1065823
1066613
1066913
1067158
1067914
1068446
1069340
1069795
1069824
1071139
1072091
1072167
1072769
1073584
1073936
1074370
1074454
1074709
1074878
1075937
1075952
1076191
1077382
1077859
1077900
1078419
1078494
1078558
1079351
1079773
1080590
1080702
1081693
1081736
1082161
1083788
1084006
1085487
1085522
1085605
1085776
1086385
1086509
1086540
1086683
1086687
1086805
1087388
1087775
1088291
1088447
1088597
1089259
1089567
1090116
1091393
1091896
1092277
1092456
1092458
1092761
1092880
1093092
1093226
1093820
1094014
1094236
1094507
1094659
1094689
1094893
1097756
1097894
1097960
1098718
1099272
1100757
1101682
1101904
1102873
1103017
1103512
1103550
1104203
1104227
1104334
1104800
1105182
1106415
1106708
1106816
1107003
1107342
1107637
1108071
1108277
1108714
1108717
1108900
1109462
1110688
1111622
1111815
1112202
1112451
1113133
1113365
1113770
1114050
1114254
1114991
1115458
1115736
1115904
1116479
1117883
1118400
1118698
1118759
1119662
1120870
1120879
1121417
1121935
1123015
1123160
1123687
1123951
1124199
1124288
1124790
1124932
1125277
1125399
1125541
1125908
1126435
1126864
1127210
1127399
1127807
1129378
1130237
1130351
1130355
1130497
1131159
1131264
1131405
1131475
1132448
1132672
1133179
1133546
1134495
1134830
1135000
1135804
1135987
1136032
1136247
1136707
1136977
1137351
1138422
1139098
1139136
1139329
1140353
1140611
1140831
1140993
1141269
1141746
1142281
1142837
1143026
1143264
1143481
1143832
1144149
1144327
1144484
1144788
1145036
1145261
1145445
1146348
1146514
1147026
1147269
1147716
1147811
1147861
1148207
1148307
1148346
1148491
1148617
1149124
1149629
1150139
1150306
1150430
1150904
1151240
1151339
1151467
1151778
1151855
1152105
1152246
1152322
1152369
1152646
1152761
1153283
1153877
1154439
1154727
1154873
1155083
1156094
1156506
1156635
1156824
1157327
1157340
1158502
1158525
1158806
1159079
1159709
1160042
1160088
1160490
1161512
1161526
1162140
1162462
1162902
1163043
1163133
1163149
1163154
1163157
1163679
1163697
1164126
1164186
1164695
1164996
1165609
1166733
1166994
1167322
1167359
1167382
1168160
1168242
1168243
1168718
1169392
1169779
1170408
1170423
1170576
1170898
1171702
1171894
1172213
1172377
1172541
1172653
1173462
1173685
1173848
1173948
1174268
1174340
1174421
1175134
1176224
1176572
1177210
1177388
1177489
1177490
1177777
1178501
1180054
1180538
1180643
1180971
1181277
1181863
1182539
1182649
1182800
1183909
1184385
1184412
1184518
1184857
1185097
1186023
1186392
1187320
1187542
1187597
1187703
1188167
1188343
1188454
1188575
1188989
1189814
1190043
1190298
1190868
1191698
1191768
1192235
1192833
1193052
1194749
1194979
1195844
1195920
1196197
1196754
1196889
1197318
1197597
1198186
1198644
1198735
1199829
1199882
1201007
1201768
1201792
1203006
1204766
1204934
1205107
1205249
1208825
1208899
1209305
1210572
1210757
1210899
1211110
1211879
1212007
1212138
1212599
1212753
1212879
1212886
1212950
1213028
1213914
1213942
1214003
1214408
1214469
1214665
1214861
1215834
1217700
1217840
1218593
1219174
1219536
1219761
1219780
1221166
1221172
1221717
1221840
1222109
1222549
1222615
1223359
1223979
1224369
1224913
1224978
1225761
1226279
1226606
1226909
1227057
1228014
1228078
1228139
1228520
1228960
1229226
1229577
1230176
1230625
1231851
1232113
1232237
1232610
1233239
1234124
1234728
1235899
1235922
1236210
1236453
1237002
1237144
1237554
1237630
1238330
1239182
1239320
1239621
1239679
1240082
1240401
1241065
1241370
1242111
1242297
1242859
1243036
1243102
1243399
1243455
1243458
1244242
1245389
1245742
1246199
1246309
1247085
1247359
1247558
1248424
1248511
1248840
1249003
1249029
1249368
1249513
1249716
1250242
1250669
1251138
1251501
1251628
1251812
1252025
1253217
1254298
1254600
1254907
1255296
1255300
1255516
1256976
1258617
1258665
1258666
1259485
1259604
1259636
1261453
1261472
1261554
1262783
1263257
1263482
1264694
1264872
1265088
1265433
1265517
1265766
1266037
1266138
1266274
1266986
1268901
1268911
1269062
1269315
1269846
1270013
1270599
1270717
1270868
1271231
1271343
1271387
1271674
1271766
1272194
1272331
1272469
1273017
1273272
1274511
1275094
1275276
1275395
1275828
1275832
1276941
1277175
1277761
1278628
1279106
1279326
1279643
1279972
1280511
1280801
1281523
1281575
1281881
1282650
1283097
1283100
1284301
1284589
1285620
1285811
1285862
1285955
1286608
1286853
1286946
1287463
1287523
1287554
1287870
1288069
1289612
1289918
1290084
1290218
1290337
1290403
1290469
1291240
1291457
1291915
1292540
1292555
1292640
1293102
1293179
1294220
1294391
1295246
1296244
1297618
1299130
1300708
1301410
1301521
1301721
1302729
1302805
1302825
1303768
1304224
1305996
1306429
1306722
1307586
1307844
1308314
1308419
1308876
1308944
1309342
1309513
1309638
1309825
1310709
1310981
1311156
1311182
1312704
1312935
1312954
1313606
1313750
1314241
1314464
1315878
1316300
1316693
1317310
1317819
1318483
1318916
1319039
1319158
1319290
1320084
1320601
1320798
1320842
1321068
1321326
1321980
1322712
1322951
1323416
1324085
1324126
1324345
1324771
1325566
1325610
1326033
1326472
1326659
1326672
1326822
1328585
1328689
1329057
1329161
1329264
1329667
1329852
1329885
1329979
1330955
1330956
1331278
1331351
1331504
1331793
1332060
1332062
1332930
1332995
1333414
1333755
1334018
1334273
1335073
1335183
1335353
1335420
1336012
1336390
1336735
1337560
1338190
1338574
1339188
1339281
1340157
1340581
1340604
1341498
1341570
1341599
1341758
1341908
1342027
1342041
1342147
1342155
1342270
1342388
1342453
1342630
1342878
1343196
1344915
1346272
1346316
1346678
1347281
1347612
1347816
1348797
1348802
1348855
1349082
1349126
1349848
1350154
1351068
1351511
1352031
1355000
1355620
1355882
1355904
1356082
1356960
1357415
1357720
1357747
1358037
1358412
1358418
1359739
1361662
1362123
1362605
1362828
1362912
1362989
1363165
1363560
1363652
1363987
1364640
1364799
1364978
1364989
1365371
1365588
1366105
1366659
1366665
1367397
1367417
1368615
1369131
1369459
1370131
1370748
1370771
1371158
1371567
1371936
1372459
1373138
1373280
1375143
1375243
1375322
1375334
1375708
1375997
1377136
1377369
1377466
1377579
1377744
1378050
1378127
1378261
1379142
1379636
1379889
1380114
1381176
1381214
1381758
1381955
1382126
1382826
1383536
1384776
1384955
1386243
1386510
1387434
1387551
1388710
1388936
1389098
1389171
1390414
1391675
1392804
1393090
1393167
1393612
1393902
1394611
1394668
1394704
1395147
1395591
1396266
1396468
1396571
1396603
1396935
1398414
1398564
1398599
1398875
1399177
1399367
1399742
1399774
1400115
1400336
1400593
1401105
1401594
1402658
1403473
1403760
1404177
1404390
1405348
1406141
1406189
1406336
1406793
1406918
1406935
1407437
1407677
1408324
1410051
1410674
1411312
1411828
1411901
1412147
1412604
1412639
1412658
1412881
1413527
1413818
1414181
1414713
1414741
1414772
1414940
1415099
1415249
1415339
1415853
1415887
1416042
1416314
1416430
1416436
1416519
1416928
1417401
1418149
1419490
1419733
1419823
1419832
1419849
1419866
1419888
1420121
1420148
1420781
1422215
1422264
1422544
1422825
1423251
1423374
1423646
1423734
1426685
1426931
1426949
1428217
1428218
1428821
1429821
1431178
1431329
1432173
1432247
1432295
1432358
1432545
1432791
1433967
1434596
1435047
1435724
1435782
1436127
1436309
1436463
1436814
1437333
1437357
1437481
1437980
1438277
1439426
1439569
1440191
1440408
1441303
1441811
1442885
1443019
1443226
1443474
1443487
1443925
1444085
1444094
1444664
1444749
1445083
1445334
1445977
1446021
1446438
1446872
1447294
1448509
1448524
1449019
1449837
1449867
1450555
1450571
1450931
1451319
1451499
1451566
1452546
1454574
1454764
1455301
1456135
1456495
1457346
1458041
1458261
1458877
1459757
1460273
1460592
1461255
1461770
1462378
1463765
1464912
1464924
1465241
1465444
1465458
1465851
1466038
1466961
1467065
1467420
1467634
1467920
1468348
1468491
1468801
1468849
1468929
1469530
1469797
1470992
1471150
1471354
1472173
1472421
1472726
1473133
1473633
1474019
1474048
1475875
1476944
1477037
1477559
1478710
1478810
1478943
1479330
1479381
1479440
1479552
1481397
1481429
1481711
1481801
1481975
1482002
1482468
1482786
1483235
1483381
1483526
1483565
1484243
1485201
1485320
1485698
1485829
1485880
1486029
1486397
1487480
1487705
1487759
1487836
1489694
1489827
1489870
1490087
1490315
1490967
1491345
1491371
1491541
1491558
1492098
1492696
1493015
1493082
1494825
1495427
1495680
1495942
1497425
1497637
1497817
1498742
1499086
1499521
1499572
1499853
1500048
1500049
1500439
1500645
1501126
1501315
1501505
1501789
1501855
1502275
1502795
1502937
1503664
1503800
1503975
1504878
1504938
1505148
1506906
1506911
1508090
1508656
1508855
1510324
1511699
1512334
1513246
1513379
1513468
1513639
1513666
1514817
1515049
1515409
1515654
1515708
1516782
1516842
1517518
1518988
1519023
1519269
1519610
1519638
1520253
1520383
1520707
1521365
1522042
1523011
1523250
1523315
1523505
1523842
1524076
1524278
1525460
1525629
1526314
1526843
1527031
1527528
1527750
1527816
1528557
1528565
1530468
1530564
1530937
1532169
1532776
1532973
1533070
1533395
1533445
1534096
1534835
1535264
1537312
1537772
1538552
1539348
1539390
1539649
1539815
1540447
1540786
1540827
1541211
1541395
1541475
1541967
1542243
1542649
1542723
1542731
1543064
1543210
1544174
1544695
1544806
1544934
1545261
1546469
1547327
1547611
1547792
1547861
1548206
1548322
1548505
1549539
1549682
1549779
1550197
1550567
1550948
1551398
1551700
1552259
1552440
1552951
1553728
1553796
1554625
1554757
1554998
1555359
1555610
1555731
1555764
1555943
1556144
1556752
1556907
1557600
1557946
1558341
1558509
1558652
1559518
1560013
1560018
1560101
1560233
1560522
1560734
1561044
1561762
1561820
1561998
1562351
1562619
1562793
1562890
1562998
1563103
1563374
1563897
1564123
1564202
1564348
1565182
1566571
1566666
1567910
1568250
1568507
1569061
1569454
1569836
1570210
1570255
1571309
1571907
1572692
1573091
1573336
1573755
1573837
1574349
1575309
1575493
1575712
1575781
1576140
1576676
1576731
1577253
1577511
1578540
1579142
1579306
1579856
1579864
1580142
1580514
1581220
1582874
1583484
1583490
1584479
1584680
1585681
1586708
1586951
1587419
1588094
1589585
1589620
1589675
1589744
1589816
1589825
1590077
1590265
1590509
1590582
1591025
1591162
1591413
1591658
1591677
1592764
1594079
1594993
1595246
1595419
1596003
1596207
1596361
1596988
1598695
1599454
1600912
1601078
1601352
1601428
1601458
1601957
1602196
1603135
1604037
1604385
1604413
1604849
1605204
1606293
1606535
1607047
1607299
1607312
1607384
1607567
1608424
1608467
1608831
1609790
1609964
1610333
1610437
1610696
1611330
1612274
1612482
1612827
1613084
1613467
1613603
1613892
1615341
1615384
1615391
1615591
1615787
1615912
1616213
1616438
1616603
1616702
1616704
1617101
1618446
1618455
1618651
1618903
1619069
1619945
1620422
1621481
1621493
1621730
1622391
1623319
1624432
1624960
1625007
1625092
1625364
1625681
1627167
1627423
1627758
1627986
1628508
1628586
1629355
1629720
1630105
1630224
1631352
1631798
1632503
1632592
1632781
1633306
1634049
1634349
1634719
1634950
1634962
1635274
1635609
1635969
1636752
1637093
1637231
1637365
1637563
1638733
1639906
1639915
1640099
1640181
1640251
1640669
1642134
1642673
1644121
1644142
1644164
1644946
1645161
1645300
1646241
1646474
1646538
1646745
1646747
1646945
1647060
1647209
1647298
1647494
1647645
1647775
1647825
1648501
1648959
1648976
1649473
1650659
1650754
1650987
1651136
1651235
1651356
1651994
1652049
1652850
1653021
1653927
1654180
1654745
1654893
1655378
1656035
1656197
1656204
1656560
1656688
1656722
1656739
1656948
1658236
1658887
1659351
1659809
1660091
1660319
1660469
1660528
1661038
1661413
1661764
1661907
1662297
1662549
1663633
1663967
1665428
1665758
1666625
1666655
1667190
1667839
1668426
1668555
1669496
1669670
1670233
1671023
1671297
1671400
1672701
1673238
1673931
1674708
1674755
1675292
1675413
1676219
1676401
1676879
1676887
1678117
1678219
1678472
1678900
1679498
1679769
1680267
1680678
1680769
1680775
1681206
1681296
1683928
1684670
1684779
1685853
1687335
1687649
1687791
1687878
1688166
1688402
1688612
1688717
1688922
1689791
1689884
1690421
1690435
1690515
1691273
1691454
1691513
1691515
1691796
1691874
1691957
1692090
1693429
1693578
1694459
1694818
1695242
1695317
1695335
1695476
1695545
1696372
1696622
1697043
1697851
1698073
1698777
1699072
1699665
1699769
1699959
1700321
1700963
1701154
1701321
1701330
1703242
1703274
1703631
1703819
1703912
1704567
1704600
1704934
1705092
1706059
1706166
1706957
1707162
1707371
1707885
1708289
1708906
1709206
1709806
1710344
1710581
1710716
1711003
1711516
1711878
1712614
1713853
1715011
1715107
1715214
1715415
1715514
1715969
1716116
1716387
1716511
1716694
1716920
1717605
1719087
1719348
1719656
1720003
1721480
1722249
1722284
1722378
1722505
1722999
1723487
1723808
1723928
1724624
1724751
1724963
1725244
1725305
1725586
1725821
1726206
1726368
1726704
1727255
1727755
1727787
1727890
1729115
1729790
1730383
1730984
1731528
1731765
1731924
1732210
1733559
1733882
1734269
1734380
1735172
1736149
1737345
1737979
1739311
1739420
1739735
1739905
1740168
1740707
1740807
1740888
1740891
1741011
1741287
1741369
1741686
1741974
1742148
1742591
1742740
1743380
1743418
1743569
1744124
1744125
1744600
1744668
1745437
1745477
1745576
1746050
1746199
1746446
1746489
1746644
1747161
1747386
1747678
1748012
1748157
1748216
1748312
1748882
1750286
1750423
1751723
1752112
1752173
1752413
1753666
1753869
1754240
1754355
1755134
1755235
1755708
1755724
1755852
1756337
1756921
1756960
1757168
1758073
1758177
1758525
1759114
1759302
1759789
1760456
1761866
1761918
1763022
1763076
1763310
1763314
1764556
1764948
1765098
1765274
1765820
1765891
1766645
1767264
1767547
1767758
1767778
1768387
1768920
1769168
1769462
1769622
1769750
1769767
1769784
1770195
1770397
1770707
1770988
1771023
1771128
1771181
1771348
1771349
1771604
1771914
1772568
1772899
1773107
1773208
1773273
1773331
1773458
1773802
1773948
1773965
1774490
1775107
1777011
1777117
1777350
1777409
1777863
1778338
1778676
1779194
1779354
1779516
1779677
1780123
1780661
1780869
1781345
1781433
1782140
1782320
1783412
1783708
1783786
1784413
1784601
1784602
1785293
1786972
1787011
1787345
1787522
1787810
1788780
1790548
1790684
1791033
1791190
1791195
1791358
1791447
1792214
1792257
1792820
1793263
1793888
1794209
1795115
1796169
1796322
1796523
1797382
1797573
1797767
1798003
1798392
1798813
1799055
1799446
1799750
1799906
1799977
1800219
1800235
1801636
1802032
1802103
1803689
1803956
1805268
1805331
1805443
1805673
1805764
1806711
1807647
1807735
1808269
1808377
1808512
1809442
1809497
1810063
1810066
1810390
1810580
1810851
1811202
1811303
1811304
1811846
1812078
1812124
1812637
1812793
1812844
1813343
1813496
1813789
1813841
1814508
1814635
1815625
1815645
1816637
1816756
1816869
1817185
1817788
1817958
1818124
1818557
1818986
1819371
1819566
1819580
1820322
1820657
1820835
1821623
1821914
1822992
1823552
1823573
1824113
1825184
1825204
1826466
1826508
1826689
1826905
1828011
1828029
1829284
1829487
1829612
1829733
1830079
1830937
1831776
1832410
1832482
1833895
1833899
1834002
1835504
1836633
1837108
1837144
1837197
1837365
1837426
1837664
1837746
1837761
1838967
1839120
1839263
1839380
1839424
1839657
1840363
1840477
1840773
1841019
1841400
1841666
1841676
1841726
1842129
1842329
1843164
1843256
1843740
1843927
1844011
1844036
1844224
1844280
1844407
1844426
1844847
1845461
1845478
1845684
1845745
1846300
1846679
1847507
1847657
1847741
1848100
1848523
1849333
1849388
1849438
1849671
1850181
1850311
1850522
1850567
1850666
1853163
1853836
1853886
1855810
1855917
1856489
1856551
1856801
1857224
1858124
1858755
1858933
1859069
1860127
1860186
1860242
1860619
1861209
1861367
1861444
1863112
1863121
1864392
1865028
1865283
1865290
1865557
1866652
1866701
1867424
1867830
1868420
1868783
1868788
1868841
1869369
1870467
1870586
1870609
1870949
1871439
1871731
1871852
1872057
1872811
1873107
1873831
1873919
1874349
1874881
1875729
1875934
1875995
1876520
1876710
1876864
1877249
1877319
1878050
1878120
1878444
1878812
1880688
1881801
1881968
1882108
1883520
1883567
1883703
1883903
1884054
1884224
1884252
1884567
1884578
1884990
1884998
1885071
1885740
1885745
1885981
1886160
1886411
1886672
1886946
1887142
1887238
1887314
1888055
1888258
1888364
1889304
1889305
1889652
1890061
1890076
1890081
1890289
1890630
1890705
1891094
1891298
1891368
1891410
1891434
1891721
1891737
1891822
1891838
1892007
1892069
1892747
1892760
1892922
1893354
1893772
1894292
1894496
1894801
1894897
1895043
1895093
1895610
1895688
1896238
1896545
1896724
1897140
1897185
1897826
1897889
1898406
1898428
1898948
1899689
1899862
1899876
1900004
1900134
1900881
1900968
1901131
1901244
1901834
1903663
1903826
1905093
1905253
1905305
1905322
1905676
1905882
1906844
1907051
1908954
1909263
1909408
1910841
1910894
1911175
1911569
1911669
1911832
1912582
1912700
1913215
1913527
1914193
1915040
1915052
1915374
1915615
1915928
1916269
1916340
1916530
1916764
1916836
1917358
1917462
1918001
1918362
1918551
1918731
1919624
1919656
1919987
1920964
1921106
1921129
1921267
1921649
1922271
1923409
1924657
1925778
1926298
1926592
1927308
1928074
1928318
1928641
1928704
1928750
1928948
1929383
1929405
1929671
1929721
1930288
1930495
1931315
1932029
1932177
1932565
1932629
1933553
1933804
1934238
1934525
1934572
1935163
1936235
1936952
1937290
1937443
1937640
1938285
1938590
1939385
1939887
1940149
1940429
1940711
1940983
1941303
1941740
1941864
1941870
1942340
1943401
1943535
1943885
1943889
1944534
1945044
1945277
1945611
1945676
1946661
1947030
1947048
1947595
1948249
1949050
1949913
1950003
1950421
1951124
1951472
1952167
1952279
1952820
1954521
1955461
1955920
1956765
1956896
1957209
1957915
1957916
1958149
1959116
1959708
1959719
1959910
1960395
1960672
1960840
1961216
1961361
1961537
1962626
1963318
1964945
1965118
1965158
1965267
1965659
1965716
1965998
1966362
1967052
1968287
1968348
1968553
1968731
1969673
1969972
1970370
1970509
1971245
1971577
1971876
1973244
1973384
1973709
1973964
1974439
1974492
1974511
1974591
1974929
1976065
1976726
1976753
1977097
1977508
1978660
1979009
1979500
1979574
1980928
1981041
1981616
1982159
1982458
1982805
1982868
1983481
1983876
1983949
1983964
1984057
1984476
1985128
1985231
1985246
1985508
1985989
1986153
1986575
1987169
1987345
1988025
1988321
1988491
1988732
1989058
1989143
1989570
1990113
1990371
1990748
1990827
1991046
1991922
1992256
1992574
1992954
1993218
1995208
1995606
1995901
1997677
1999942
2000365
2000926
2001067
2001257
2001304
2001308
2002514
2002782
2002880
2003137
2003423
2004423
2004446
2004952
2005216
2005889
2006420
2006585
2006723
2007686
2008254
2008816
2009562
2010281
2011069
2011096
2012175
2012424
2013336
2013527
2013592
2013699
2014443
2016154
2016333
2016580
2016840
2016947
2017743
2018351
2018362
2018512
2018599
2018960
2019392
2019509
2020358
2020661
2020724
2021950
2023012
2023044
2023156
2023323
2024037
2024766
2025325
2025686
2026421
2026895
2027121
2027378
2027649
2027943
2028312
2028789
2029163
2029408
2029886
2030398
2030708
2031061
2031343
2031999
2032012
2032216
2032314
2032612
2032933
2033423
2033467
2033656
2033992
2034015
2034034
2034065
2034946
2035645
2035923
2036076
2036363
2036970
2037328
2038129
2038479
2038494
2038663
2038913
2039041
2039110
2039126
2039189
2039425
2039577
2039714
2039886
2040795
2041211
2041515
2041655
2041895
2041918
2043078
2043377
2043675
2044312
2045841
2046290
2046565
2046699
2047129
2047578
2047713
2048051
2048872
2049255
2049271
2049517
2049568
2049608
2049646
2050718
2051164
2051277
2051361
2051786
2054060
2054258
2054446
2054671
2055150
2055175
2055265
2055267
2055516
2056343
2056421
2056445
2057787
2059523
2059606
2060525
2060586
2060894
2061456
2061638
2061805
2062169
2062989
2063594
2063655
2063799
2064004
2064117
2064150
2064326
2064615
2064755
2064824
2065766
2066337
2066734
2066864
2066998
2067517
2067574
2068027
2068182
2068201
2068361
2068415
2068497
2068599
2069338
2069504
2069889
2070164
2070466
2070591
2070620
2070774
2071333
2071781
2072252
2072660
2073268
2073405
2073420
2073565
2073579
2073612
2073729
2074010
2074269
2074517
2075564
2075912
2076269
2076296
2076946
2077113
2077408
2077796
2077972
2077987
2078742
2080684
2080749
2081058
2081131
2081725
2081782
2082502
2082758
2083528
2085022
2085244
2085487
2085758
2086349
2086452
2086554
2086606
2086620
2087216
2087244
2087551
2087663
2087803
2088370
2088378
2088503
2088645
2089265
2089613
2090505
2090683
2090856
2092734
2092855
2093288
2093521
2093553
2093730
2093976
2094204
2094889
2095186
2095222
2095598
2095789
2096004
2096203
2096432
2096755
2097418
2097437
2097744
2098194
2099023
2099273
2099912
2100605
2101274
2101683
2102052
2102077
2102178
2102229
2102292
2102480
2103031
2104378
2104925
2105923
2106253
2106436
2106640
2106983
2107669
2107711
2108006
2108183
2108366
2108668
2109537
2109843
2110314
2110359
2110705
2111556
2112193
2112416
2112667
2113037
2113235
2113602
2113805
2113928
2114120
2114196
2114587
2115806
2115873
2116071
2116118
2116337
2116646
2116654
2116785
2117331
2117761
2118045
2118557
2119051
2119318
2119856
2120105
2121567
2121574
2121929
2122403
2122700
2123505
2123599
2124154
2124203
2124478
2124541
2124599
2124865
2125773
2125833
2126187
2126218
2126228
2126550
2126660
2127075
2127094
2127801
2128468
2128753
2128939
2129258
2129387
2129530
2129649
2129677
2129783
2129822
2130129
2130562
2130978
2130984
2131176
2131239
2132335
2132688
2132790
2132949
2133478
2135128
2135733
2136240
2136990
2137184
2137387
2137890
2137944
2138085
2138764
2138767
2139163
2139770
2140714
2140804
2141323
2141357
2142136
2142517
2142536
2142833
2143187
2143542
2143571
2144250
2145168
2145348
2145984
2146342
2147008
2147392
2147470
2147479
2147493
2147711
2147746
2147930
2147943
2148014
2148281
2148523
2149018
2149287
2149327
2149356
2149361
2149811
2150557
2150736
2151046
2153055
2154238
2155475
2155535
2155864
2156073
2156376
2157309
2157512
2158071
2158615
2159035
2159211
2159219
2160153
2160625
2161287
2161543
2161563
2161943
2162059
2162395
2163380
2165129
2165375
2165393
2165569
2165655
2166271
2166358
2166632
2167111
2168062
2168473
2168600
2168872
2168895
2169060
2169557
2170152
2170185
2170475
2170931
2170965
2172146
2172838
2173282
2173290
2174192
2174262
2174503
2174637
2175416
2175726
2176455
2176632
2177229
2178203
2178457
2178467
2178480
2178558
2179420
2179480
2179671
2179846
2180780
2181191
2181300
2181412
2181503
2181734
2182050
2182176
2182810
2182858
2183278
2184101
2184197
2184503
2184514
2184759
2184898
2185364
2185500
2185588
2185752
2185881
2186051
2186169
2186393
2186418
2187011
2187968
2189231
2189240
2189311
2189830
2190062
2190306
2190352
2192561
2192564
2193496
2193643
2193653
2194517
2194768
2195608
2195834
2196175
2196388
2196446
2197829
2198103
2198411
2198627
2198763
2198815
2198944
2198964
2199082
2199812
2199976
2200264
2200302
2200312
2200488
2200789
2201123
2201175
2201221
2201632
2201638
2201944
2202187
2202716
2203093
2203506
2203638
2204205
2204285
2204762
2204971
2205559
2207076
2207270
2207644
2207862
2207909
2208169
2208511
2208958
2209147
2209553
2210627
2210725
2210736
2211131
2211143
2211611
2212056
2212114
2212322
2212846
2213211
2213215
2214099
2214936
2215063
2215269
2215535
2215626
2216035
2216241
2216383
2217847
2218426
2218637
2218863
2219023
2219066
2219575
2219881
2219914
2219925
2220240
2222611
2222815
2223197
2224544
2224777
2224929
2225148
2225259
2225297
2225608
2225713
2226269
2226378
2226572
2226718
2227287
2227741
2228234
2228982
2229327
2229696
2230258
2230526
2230835
2232927
2233351
2233377
2233495
2233575
2233735
2234458
2235015
2235354
2235485
2235573
2235578
2235640
2236713
2237370
2237621
2237844
2238353
2238712
2238754
2238781
2239023
2239067
2239173
2240038
2240111
2240219
2240303
2240585
2241477
2241789
2242213
2242316
2243152
2243486
2243550
2243611
2243749
2244798
2245043
2245062
2246156
2246455
2247105
2247269
2248407
2248520
2248858
2250030
2250173
2250219
2250226
2250261
2250310
2250431
2250443
2250624
2250645
2252223
2252281
2252376
2252748
2252800
2253537
2253610
2254358
2254359
2254615
2254720
2255199
2256297
2256459
2257050
2258239
2258575
2258608
2258701
2259671
2260572
2260805
2260811
2260949
2261196
2261934
2261962
2262496
2262731
2263425
2263977
2264906
2265220
2265434
2265723
2265878
2266094
2266137
2267792
2268485
2268761
2269068
2269085
2270242
2270658
2270709
2271032
2271175
2271670
2271729
2272097
2272329
2272331
2272374
2272480
2273175
2273359
2273654
2274017
2274091
2274157
2274158
2274467
2274789
2275164
2275892
2275899
2276527
2277151
2277430
2278045
2278504
2278978
2279193
2280032
2280300
2280604
2282528
2282649
2283184
2283317
2283415
2284416
2284600
2285424
2285895
2286364
2286558
2287003
2287041
2287557
2288647
2288930
2289101
2289160
2289252
2289677
2289802
2290291
2291323
2291370
2291377
2291814
2291906
2291966
2292429
2292471
2292575
2292768
2293805
2295705
2296023
2296172
2297028
2297808
2298081
2298125
2300315
2300430
2301221
2302210
2303172
2303335
2303430
2303691
2303729
2304234
2304324
2304663
2304718
2304797
2304802
2305160
2305356
2305529
2306229
2307156
2307644
2307955
2308035
2309762
2309997
2310491
2310597
2310636
2310715
2311151
2311687
2312634
2313576
2313605
2314738
2314782
2314932
2315327
2315582
2316046
2316356
2316435
2316526
2317684
2317696
2317818
2317853
2318356
2318497
2319258
2319882
2320773
2320774
2320828
2321030
2321208
2321387
2321485
2321816
2321997
2322053
2322387
2322623
2322667
2322813
2323049
2323127
2323692
2324330
2324992
2325844
2325989
2326211
2326262
2326324
2327445
2327448
2327803
2328116
2329324
2329338
2329384
2329428
2329527
2329713
2329873
2331084
2332387
2332526
2333210
2334318
2334719
2335036
2335208
2335256
2336032
2336210
2336253
2336422
2336447
2336512
2336614
2336697
2336848
2336876
2338296
2338646
2339551
2339628
2340395
2341006
2341503
2341564
2341617
2341822
2341929
2343079
2344760
2344846
2345292
2345838
2345914
2346088
2346300
2346336
2346559
2346805
2346880
2347480
2348045
2349027
2349033
2349050
2349209
2349664
2352835
2352902
2353378
2353693
2354500
2354720
2355096
2357750
2358780
2358931
2359471
2360649
2360816
2361191
2361432
2361959
2363229
2364010
2364646
2365258
2365470
2365910
2365953
2366321
2367410
2367805
2368111
2369513
2369529
2369884
2369905
2370143
2370748
2370904
2371234
2371342
2371441
2371511
2371617
2372043
2372661
2373056
2373201
2373238
2373470
2374070
2374306
2375444
2375584
2375743
2375836
2376088
2376224
2376447
2377679
2378067
2378529
2378548
2378630
2378725
2379660
2379671
2380018
2380522
2381048
2381914
2381924
2382144
2382252
2382496
2382497
2383119
2383546
2384885
2385088
2385138
2385265
2386077
2386351
2387053
2387613
2387654
2389290
2389787
2390158
2390507
2390782
2391503
2391740
2393326
2394178
2394362
2395210
2395214
2395215
2396312
2396446
2396512
2396687
2396976
2397070
2398437
2398971
2399059
2399431
2399866
2400905
2401518
2401580
2402040
2402061
2402235
2402543
2403288
2403551
2403800
2404401
2404744
2405094
2405215
2405936
2405994
2406127
2406639
2407220
2407301
2407499
2407532
2407672
2407766
2408131
2408411
2408786
2408938
2409533
2409759
2410099
2410134
2410384
2410809
2410979
2411464
2413496
2413854
2414447
2414740
2414824
2414918
2414928
2415026
2415032
2415298
2415369
2415792
2416301
2416924
2416945
2416995
2417058
2417233
2417989
2418381
2419011
2419209
2420511
2420555
2420705
2421195
2421267
2421456
2421690
2421743
2422726
2422928
2423138
2424993
2425070
2425869
2426150
2426735
2426754
2427866
2427877
2427922
2428796
2429085
2430223
2431143
2431564
2432167
2434662
2435493
2435552
2435811
2435845
2436016
2436302
2437324
2438239
2438489
2439015
2439047
2439173
2439606
2439783
2440179
2440332
2440431
2440837
2441228
2441346
2442695
2443557
2443879
2443959
2444211
2445098
2445447
2446004
2446693
2447462
2447497
2447867
2447933
2448395
2448525
2450037
2451938
2452086
2452215
2452736
2453719
2454120
2455074
2455085
2455571
2455974
2456227
2456555
2456694
2456816
2457470
2457814
2458271
2458682
2458806
2458951
2458991
2459579
2460428
2461237
2461377
2461798
2461857
2461900
2461966
2462126
2462144
2462424
2463240
2463278
2463472
2463524
2464986
2465386
2465718
2467040
2467491
2467684
2467773
2467971
2467982
2469508
2469517
2469542
2469942
2470221
2470985
2472168
2472215
2473347
2473758
2473893
2474838
2474989
2475236
2475356
2475589
2476040
2476152
2477267
2477635
2478760
2479762
2480008
2481390
2482067
2482125
2482212
2482267
2482283
2482328
2482429
2483672
2483738
2483984
2484858
2485740
2486319
2486471
2486483
2486699
2487591
2488377
2488520
2489241
2489322
2489350
2490028
2490211
2490360
2490465
2490774
2490920
2492633
2493171
2493205
2493212
2494168
2494392
2494462
2494533
2494938
2495314
2495475
2495524
2495802
2496009
2496186
2496594
2496621
2497305
2497656
2498311
2498315
2498838
2499234
2500669
2500684
2501343
2501375
2501378
2501585
2502299
2502951
2503233
2503610
2503664
2503775
2503831
2503910
2504183
2504217
2504221
2504299
2504647
2505447
2505522
2506647
2506661
2506720
2506738
2507693
2507979
2508127
2508493
2508841
2508888
2509568
2510047
2511048
2511541
2511954
2512008
2512301
2512346
2512678
2513206
2513214
2513216
2513287
2513713
2513841
2514757
2515502
2515884
2516299
2516380
2516390
2516702
2516884
2517068
2517447
2517747
2518627
2519090
2519331
2520566
2520692
2521204
2521687
2522126
2522186
2522898
2523221
2523502
2524898
2525133
2525219
2525426
2525470
2525496
2525688
2526263
2526324
2526655
2527035
2527207
2527309
2527925
2528107
2528505
2529194
2530646
2530867
2531556
2531891
2531907
2532389
2532551
2532853
2533284
2533393
2533460
2534152
2534156
2534352
2534403
2534514
2534650
2535316
2535684
2535842
2536334
2536658
2537188
2537492
2537785
2538008
2538587
2539269
2539937
2540317
2540603
2540778
2541185
2541353
2542034
2542983
2543359
2544214
2544519
2544591
2544983
2545530
2545845
2547477
2548156
2548261
2549311
2550103
2550476
2550557
2550981
2553603
2553798
2553818
2553955
2553987
2554226
2554685
2554688
2554787
2555363
2555748
2555800
2557446
2557569
2557709
2559198
2559460
2559522
2559677
2559771
2560142
2560916
2560998
2562584
2562789
2563288
2563384
2563385
2564321
2564450
2564761
2565115
2566279
2566309
2566441
2567855
2568570
2568954
2568981
2570968
2571441
2571785
2572005
2572072
2572296
2572797
2573081
2573190
2573231
2573295
2573379
2574035
2574096
2575010
2575023
2575254
2576032
2577252
2577376
2577420
2577555
2577670
2577719
2577759
2578878
2579246
2579402
2580448
2581253
2581267
2581592
2581922
2582063
2582849
2583379
2583454
2584055
2584088
2584102
2584175
2584219
2584864
2584869
2584992
2585283
2585713
2585742
2586052
2586295
2586327
2587350
2587910
2588143
2588260
2588343
2588447
2588847
2589704
2590645
2591242
2591397
2592108
2592342
2592917
2595202
2596348
2596358
2596500
2596614
2596679
2597269
2597906
2598038
2598309
2598661
2599544
2599716
2600180
2600668
2601186
2601213
2601254
2601574
2601765
2601814
2602368
2602525
2602953
2603724
2603903
2604339
2604464
2605125
2605273
2605540
2607479
2607573
2608074
2609698
2610244
2610626
2610736
2610995
2611202
2611851
2612071
2612104
2612732
2614075
2614424
2614725
2614976
2615096
2615405
2615659
2616010
2616187
2616462
2617733
2619703
2619944
2620580
2621404
2622581
2622895
2623646
2623986
2623996
2624061
2624752
2624969
2625851
2627485
2627592
2628224
2628367
2628659
2628685
2629901
2630127
2630483
2630716
2630768
2631258
2631428
2632002
2632095
2632674
2632912
2633260
2633391
2633392
2633916
2634409
2634544
2634726
2635117
2636406
2636556
2636726
2637295
2637426
2637898
2638400
2639424
2639782
2639864
2639934
2640199
2640718
2641195
2641293
2641454
2641976
2643001
2643372
2643590
2643783
2644090
2644919
2645609
2645653
2646159
2646194
2647283
2647823
2647835
2647923
2648011
2648941
2649239
2649354
2650321
2650685
2650689
2650866
2651579
2652038
2652585
2653608
2655322
2655427
2655885
2656051
2656428
2657078
2657173
2657271
2657362
2657471
2657573
2657888
2659948
2660097
2660263
2660466
2661147
2662834
2663196
2664016
2664494
2665132
2665257
2665459
2665890
2666527
2666800
2667576
2667778
2668077
2668164
2669023
2669222
2669679
2671230
2671338
2671546
2671758
2671772
2671830
2671868
2671962
2672170
2672201
2672319
2673045
2673090
2673182
2673589
2674656
2675081
2675576
2676699
2676714
2676768
2677514
2678056
2678105
2678326
2678692
2678882
2679348
2679647
2680004
2680941
2681558
2681692
2681965
2682085
2682113
2682593
2683067
2683172
2683265
2683444
2683710
2684029
2684104
2684283
2684510
2684565
2684653
2684810
2684812
2685069
2685717
2685920
2685965
2686335
2687253
2687839
2687997
2688312
2688433
2688841
2689208
2689289
2689747
2689996
2690169
2690480
2690805
2691136
2691608
2691677
2691773
2691853
2692128
2692588
2692980
2694867
2695393
2697396
2697669
2698236
2698278
2698293
2698966
2699597
2699662
2699832
2700699
2701305
2701309
2701374
2702115
2702408
2702558
2703025
2703391
2703600
2703788
2703931
2704098
2704751
2704956
2705331
2705933
2705997
2706027
2706842
2707197
2707428
2707828
2708026
2708755
2708802
2709331
2710065
2710514
2710578
2710594
2710881
2711316
2712386
2713796
2714001
2714024
2714159
2714331
2714906
2715163
2716075
2716346
2716850
2717070
2717991
2718180
2718230
2718401
2718958
2719091
2719296
2719512
2719835
2720049
2720050
2720267
2720547
2720771
2720838
2721881
2722566
2723993
2725760
2726372
2726456
2726509
2726591
2726874
2726933
2727242
2727446
2727841
2728252
2728398
2728531
2728631
2729294
2729664
2729989
2730448
2730770
2731531
2732117
2732356
2732489
2732511
2732880
2733268
2733529
2733600
2733674
2733700
2733902
2733935
2734583
2734786
2735249
2735426
2735555
2735669
2737246
2737685
2737883
2738298
2738863
2739103
2739278
2739835
2741164
2741996
2742172
2742501
2743463
2743689
2743714
2743806
2744056
2744173
2744746
2744932
2745239
2745257
2745458
2745980
2746525
2746879
2748167
2748282
2748861
2749122
2749927
2749947
2750976
2751651
2752132
2752745
2752866
2753102
2755177
2755316
2755742
2755865
2756079
2756750
2756919
2757652
2757868
2758554
2758621
2758680
2759086
2759199
2759902
2760021
2760139
2761040
2761283
2761554
2762794
2763005
2763810
2763960
2764458
2764717
2764819
2765074
2765757
2765820
2765871
2766826
2767922
2768118
2768254
2768281
2768763
2768810
2769377
2769696
2769818
2770087
2770258
2770373
2771164
2771341
2771360
2772065
2772181
2772323
2772361
2773218
2773249
2773284
2773347
2773395
2773438
2773542
2773554
2773608
2773670
2774407
2774945
2775268
2776012
2776372
2777452
2777985
2778247
2778352
2778413
2779047
2779235
2779431
2779881
2780013
2780630
2780861
2781207
2781460
2782410
2782752
2783556
2785504
2785736
2785782
2785860
2786774
2787275
2787552
2787890
2788225
2788326
2788333
2789274
2789330
2789512
2789531
2789579
2791188
2791267
2791444
2792207
2792533
2792789
2792827
2793122
2793727
2793754
2793944
2794334
2794789
2795006
2795609
2795932
2795962
2796024
2796209
2796457
2796644
2797145
2797339
2797366
2797478
2797994
2798525
2798956
2799370
2799436
2800680
2800864
2801064
2801298
2801551
2801976
2802085
2802130
2802173
2802227
2802518
2802975
2803257
2803640
2803988
2804004
2804015
2804267
2804570
2806100
2807999
2808163
2808305
2808319
2808781
2808854
2808910
2809470
2809844
2810071
2810350
2810587
2810667
2811408
2811456
2811568
2811584
2811640
2812313
2812393
2813018
2813024
2813026
2813670
2814140
2814291
2814876
2815943
2816129
2816262
2816624
2816759
2817327
2818434
2819019
2819041
2819280
2819584
2819677
2819899
2820191
2820289
2821091
2821832
2822451
2822516
2823334
2823610
2824548
2825595
2825613
2826219
2826806
2826920
2827314
2828753
2829545
2830258
2830368
2830910
2832675
2832735
2833364
2833394
2833510
2833575
2834286
2835102
2835366
2835477
2835596
2836661
2837015
2837622
2837697
2837902
2838444
2838822
2839100
2839627
2840506
2840563
2840826
2840872
2841079
2841494
2841677
2841740
2841961
2842176
2842189
2842191
2843272
2843701
2844508
2845230
2846728
2846784
2846823
2846961
2847979
2848254
2848561
2848744
2848890
2849378
2849770
2849806
2850319
2850804
2851027
2851479
2851721
2852004
2854848
2854902
2855135
2855649
2856294
2856332
2856761
2856948
2857107
2857208
2857248
2857371
2857597
2857657
2857943
2857971
2858240
2859132
2859158
2859377
2859754
2860364
2860497
2861563
2861920
2861955
2862071
2862227
2862325
2862458
2862726
2863462
2863872
2864221
2864281
2864380
2864932
2865448
2867603
2868265
2868473
2868675
2868867
2868935
2869115
2869183
2869501
2869760
2869778
2870212
2870826
2871344
2871980
2872132
2872279
2872407
2872487
2872630
2872743
2872864
2873428
2874116
2874523
2874536
2876205
2876320
2876730
2877259
2877664
2877836
2878037
2878492
2878600
2879776
2880167
2880598
2881031
2881817
2881984
2882008
2882551
2882927
2882933
2883334
2883550
2883745
2884050
2884207
2884230
2884761
2885329
2885399
2885500
2885661
2885795
2886107
2886621
2886920
2887340
2888188
2889055
2889269
2889556
2889560
2889824
2889866
2890015
2890093
2890713
2891296
2893039
2893256
2893319
2893528
2894340
2894529
2895662
2895791
2896406
2896410
2896416
2897428
2897964
2898116
2898649
2900316
2900350
2900679
2901191
2901366
2901560
2901801
2902292
2902473
2903283
2904037
2904106
2904346
2904548
2904841
2904914
2904938
2904986
2905249
2905334
2905600
2905960
2906023
2906026
2906062
2906121
2906324
2907200
2907441
2907467
2907715
2907977
2907994
2908057
2909031
2909166
2909600
2909727
2909777
2910020
2910375
2910510
2910580
2910628
2910697
2911256
2911522
2911654
2911975
2912200
2912703
2912732
2913870
2913909
2914573
2914885
2915045
2915131
2915772
2916501
2916562
2916589
2916889
2917307
2918823
2918834
2919463
2919921
2920562
2921334
2921734
2921854
2921981
2922017
2922150
2922341
2922751
2922901
2923294
2925645
2926012
2926479
2926954
2927122
2928134
2928226
2929648
2930201
2930244
2930535
2931404
2932168
2932774
2932980
2933039
2933105
2933420
2933446
2933458
2934177
2934266
2934310
2934873
2934884
2935047
2935383
2935600
2936095
2936446
2936896
2936971
2937344
2937978
2938547
2938773
2938967
2939104
2939518
2939939
2940853
2941059
2941759
2941836
2941966
2942104
2943427
2944461
2944903
2945165
2945642
2945977
2946850
2946986
2946997
2947431
2947607
2947808
2947916
2947919
2949295
2949463
2950416
2950713
2951145
2951403
2951407
2951637
2951801
2951827
2952061
2952822
2953191
2953363
2954221
2954641
2954992
2955035
2955113
2955668
2955902
2956145
2956170
2956431
2957228
2957636
2958095
2958622
2959388
2959412
2959521
2959542
2959575
2959730
2960216
2960318
2960386
2960507
2961641
2962154
2962202
2962219
2962974
2963029
2963162
2963779
2963847
2964091
2964999
2965432
2965435
2965855
2966184
2966225
2966236
2966540
2966623
2968272
2968698
2968701
2969398
2969578
2969889
2970545
2971175
2972291
2972849
2973125
2973228
2973234
2973483
2973964
2974620
2975246
2975279
2975817
2976133
2976451
2976481
2977516
2977637
2977764
2977903
2978389
2978555
2979345
2980504
2980997
2981211
2981313
2981495
2981699
2981921
2982332
2982402
2983079
2983553
2983999
2984937
2985048
2985605
2985796
2986050
2986276
2986619
2986787
2987095
2987405
2987442
2987483
2987919
2988512
2988956
2989174
2989271
2989374
2989909
2989990
2990163
2990289
2991001
2991075
2991580
2991636
2991716
2991833
2992019
2992073
2992395
2992745
2992981
2993141
2993543
2994172
2994644
2994952
2995419
2995451
2995665
2996183
2996205
2997098
2997102
2997344
2997977
2998267
2998715
2998790
2999031
2999286
2999361
2999494
2999700
2999754
2999782
3000331
3000905
3001695
3001741
3001988
3002525
3003185
3003624
3004554
3004870
3005246
3005537
3005754
3005979
3006094
3006271
3006386
3006535
3006808
3007263
3007634
3008008
3008148
3009261
3009482
3009539
3010042
3011666
3011749
3013543
3013732
3014032
3014534
3015934
3015975
3016445
3016817
3016993
3017091
3017427
3017562
3017657
3018040
3018210
3018600
3018628
3020445
3020622
3020677
3021371
3021866
3021953
3022105
3022150
3022345
3023172
3023273
3023572
3023805
3024031
3024587
3024835
3025664
3025823
3026284
3027100
3027218
3027265
3027273
3027338
3027536
3027557
3027800
3027815
3027976
3028833
3029480
3029511
3029863
3029897
3029933
3030615
3031078
3031093
3031683
3032284
3032535
3032579
3032615
3032618
3032671
3033179
3033884
3034102
3034478
3034782
3035897
3036038
3037789
3037793
3038424
3038460
3039134
3039373
3039725
3039903
3039904
3039922
3039985
3040004
3040067
3040139
3041159
3041230
3041715
3042654
3043029
3043484
3043623
3043810
3043841
3043896
3043901
3045021
3045150
3045317
3045456
3045647
3047167
3047347
3047600
3047887
3048148
3048217
3048247
3048315
3048735
3048931
3049041
3049548
3049858
3050180
3050195
3050971
3052310
3052471
3052751
3053197
3054023
3054374
3054508
3054705
3055573
3055650
3055896
3055913
3056422
3056439
3057803
3058534
3059547
3059572
3059780
3059833
3059912
3060195
3061234
3061520
3061975
3062052
3062396
3062978
3063918
3065943
3065989
3066242
3066439
3066542
3066587
3067428
3067600
3067955
3069789
3070240
3070636
3071028
3071150
3071285
3071316
3071424
3072860
3072884
3072904
3073538
3074294
3074372
3074495
3075083
3077086
3077590
3078037
3078809
3078898
3079005
3079303
3079388
3079778
3079789
3080622
3080641
3081547
3081702
3081881
3082561
3082693
3082929
3083008
3083376
3083492
3084256
3084450
3084635
3084735
3084923
3085044
3085115
3085229
3085604
3086017
3086340
3086351
3086799
3087457
3087609
3087652
3087759
3088377
3088615
3089172
3089492
3090029
3090431
3090735
3091090
3091272
3091751
3091928
3092358
3092916
3093047
3093250
3093423
3093912
3093982
3094466
3096236
3096877
3097182
3097189
3097703
3097866
3098430
3099010
3099022
3099244
3099362
3099781
3099976
3100740
3101983
3102077
3102405
3102682
3103516
3103942
3104773
3105292
3105582
3105897
3105940
3106375
3106533
3106590
3106712
3107290
3107734
3108188
3108480
3108517
3108518
3109062
3109627
3110886
3111176
3111311
3112000
3112219
3112340
3112397
3112463
3113019
3113062
3113677
3113712
3114482
3115150
3115833
3116258
3116495
3116530
3116796
3116815
3117343
3117469
3117760
3118210
3118516
3118776
3120927
3121014
3121110
3121574
3121766
3122210
3122659
3122981
3122982
3123341
3123568
3123876
3124199
3124637
3125297
3125670
3126752
3126780
3127152
3127573
3127900
3128219
3128432
3128547
3128811
3129247
3129671
3129685
3130374
3130414
3130614
3130977
3131328
3131972
3132746
3133048
3133450
3133608
3134098
3136144
3136292
3136376
3136769
3137020
3137308
3137988
3138556
3139217
3140593
3140950
3141053
3141294
3141323
3141661
3142494
3143713
3143942
3144125
3144166
3144201
3144994
3145277
3145576
3146136
3146526
3146818
3146876
3146890
3146959
3148250
3149287
3149359
3149377
3149566
3149662
3149844
3150059
3150722
3150819
3151137
3151208
3152396
3153200
3153304
3154539
3154587
3155042
3155391
3155531
3155717
3155886
3156350
3156709
3156861
3156884
3157217
3157717
3158522
3159063
3159399
3159479
3161147
3162029
3162036
3163217
3164015
3164139
3164621
3165185
3165394
3165798
3166040
3166505
3167258
3167463
3167874
3168051
3168923
3169068
3170174
3170184
3170348
3171311
3171581
3171597
3172429
3172709
3172917
3173330
3173491
3173757
3173989
3174746
3174770
3175132
3175472
3175567
3176223
3177487
3177542
3177926
3177937
3179134
3179506
3179780
3179825
3180571
3180600
3181017
3181193
3181207
3181548
3181591
3181647
3182421
3182999
3183646
3183649
3183794
3183982
3184757
3184771
3186024
3187057
3187527
3187964
3188623
3188903
3189409
3190880
3190944
3191438
3191804
3192192
3192309
3193059
3193376
3194025
3194083
3194272
3194314
3194356
3194449
3194578
3194879
3194952
3195501
3196297
3196641
3196650
3196967
3197143
3197275
3197892
3197959
3199504
3199590
3200164
3200582
3200791
3201312
3202545
3202617
3202728
3202847
3203124
3203637
3203789
3203902
3204169
3205132
3205728
3205895
3205909
3207180
3207626
3208882
3209769
3210289
3210418
3210426
3210904
3211023
3211114
3211627
3211732
3212231
3212373
3212687
3213054
3214651
3215052
3215122
3215615
3216467
3216603
3216819
3217242
3217447
3218328
3219139
3220008
3220269
3220522
3220557
3220963
3221189
3222033
3222449
3222564
3222796
3223080
3223667
3224260
3224550
3224832
3225169
3225748
3227086
3227152
3227397
3227538
3227731
3227841
3228093
3228408
3228411
3228744
3229001
3229655
3229965
3230054
3230091
3230310
3230764
3230978
3231905
3232198
3232696
3233573
3234399
3235252
3235256
3236252
3236484
3236891
3237250
3237305
3237626
3237689
3237710
3238273
3238713
3238932
3239284
3239530
3240697
3242054
3242202
3242697
3243727
3244221
3244648
3245027
3245357
3246598
3246692
3246993
3247523
3247567
3248128
3248682
3249850
3250882
3251599
3251606
3251623
3251748
3251761
3251892
3252520
3253896
3253995
3254130
3254283
3254488
3254614
3255035
3255212
3255234
3256556
3256821
3257073
3257255
3257888
3257991
3258601
3259358
3260483
3260611
3260764
3262636
3262753
3263312
3263511
3263564
3263603
3263911
3263942
3264363
3264536
3264769
3264846
3265165
3266619
3266653
3266761
3267340
3267420
3267468
3267510
3268013
3268355
3268497
3268970
3269210
3270367
3270560
3270766
3271210
3271351
3271507
3271657
3271817
3272366
3272559
3272838
3273289
3273527
3273713
3274498
3275124
3275358
3275558
3275599
3276575
3276752
3277878
3279526
3279722
3280350
3280356
3280929
3281572
3282914
3282991
3283835
3284004
3284192
3284486
3284583
3285672
3285727
3285886
3286741
3289547
3290825
3290851
3290964
3291304
3291456
3291521
3292767
3293722
3295072
3295275
3295651
3296044
3296406
3296684
3296780
3297410
3297895
3298450
3299016
3299709
3299953
3300189
3300572
3300585
3300665
3301613
3301874
3302565
3302885
3302912
3303238
3303406
3303506
3303823
3303873
3303885
3304180
3305060
3305363
3305787
3307568
3307614
3307966
3307983
3308064
3308368
3309117
3310157
3310614
3311197
3311421
3311424
3311721
3311734
3311783
3311944
3312250
3312352
3312524
3312571
3312617
3312760
3312925
3313860
3314298
3314505
3314567
3314938
3315138
3315216
3315769
3316567
3316579
3316697
3317399
3317698
3317758
3318466
3318720
3319196
3319322
3320754
3321446
3321836
3322539
3324023
3324152
3324387
3325013
3325219
3325393
3325819
3325928
3325940
3326399
3327385
3327554
3328263
3328730
3329626
3330474
3330675
3330681
3330887
3331010
3331327
3331784
3332146
3332176
3333413
3333584
3334081
3334203
3335056
3335148
3335367
3335385
3335433
3336661
3336768
3337006
3337065
3337615
3337646
3338350
3338548
3338662
3338927
3339181
3339315
3339455
3341141
3341292
3341682
3342015
3342160
3342185
3342300
3342559
3342714
3343509
3344010
3344057
3344408
3345006
3345038
3345374
3345963
3346533
3347079
3347996
3348317
3348518
3348633
3348992
3349079
3350140
3350714
3350751
3351559
3351565
3351591
3352337
3352418
3352871
3352945
3353070
3353239
3353446
3353627
3353663
3354078
3354196
3354229
3354954
3355488
3355786
3356140
3356455
3356532
3356668
3357211
3357403
3357752
3358244
3358486
3358829
3359012
3359977
3360052
3360175
3360210
3360527
3360766
3360899
3360922
3361793
3361982
3362477
3362751
3362996
3363111
3363199
3363295
3363527
3363829
3363886
3364758
3364813
3364862
3365183
3365322
3365380
3367120
3367180
3367558
3367766
3368492
3368745
3370584
3370603
3371555
3371626
3372328
3372461
3372557
3372962
3373004
3373559
3373646
3373951
3374374
3374813
3375149
3375569
3376231
3376695
3377261
3377618
3377691
3377697
3377711
3378004
3378073
3378086
3378219
3378289
3378785
3379567
3379580
3379602
3379869
3380099
3380531
3381066
3381622
3382071
3382078
3382082
3382889
3382957
3382981
3383072
3383731
3383940
3384117
3384122
3384835
3385087
3385782
3385917
3386140
3386179
3386806
3386993
3387083
3387495
3387735
3388904
3389071
3389584
3390150
3390880
3391108
3391434
3391479
3393129
3393240
3394425
3394556
3395571
3395720
3395989
3396037
3396328
3396388
3396588
3396768
3397031
3397046
3397429
3397491
3397704
3398395
3399529
3399575
3399617
3400071
3400494
3400755
3401134
3401555
3402623
3403161
3403194
3404254
3404437
3404509
3405707
3405939
3406737
3406791
3407145
3407438
3407810
3407859
3408074
3408907
3408926
3409434
3409508
3409626
3410173
3410284
3410578
3411323
3411817
3412036
3412193
3412325
3412587
3412599
3413044
3413076
3414898
3414920
3415009
3415485
3415686
3416165
3416222
3416743
3417530
3417607
3417975
3418767
3419005
3419070
3419247
3419989
3420157
3420287
3420324
3420607
3420784
3421203
3421334
3421460
3422269
3422319
3423427
3423539
3423610
3423686
3424295
3424411
3425198
3425312
3425523
3425527
3426265
3426752
3426827
3426996
3427612
3427871
3428178
3428771
3429891
3430607
3431117
3431264
3431504
3431931
3431994
3432340
3432611
3432625
3432924
3433758
3433857
3434218
3435009
3436249
3436436
3436944
3437020
3437256
3437619
3437701
3438258
3439086
3440446
3440520
3441066
3441115
3441242
3441689
3441816
3441828
3441877
3442158
3442713
3442988
3443346
3443816
3444110
3444552
3444593
3445548
3446195
3446249
3446710
3447152
3447944
3448521
3448555
3448581
3449456
3449657
3450272
3450640
3450801
3450914
3451017
3451421
3451602
3451888
3452241
3452382
3452520
3452806
3453506
3453695
3453936
3454097
3454121
3454234
3455420
3455707
3456247
3456316
3457328
3457413
3457491
3457606
3457719
3457815
3457970
3457980
3458131
3458696
3458703
3459391
3460673
3461207
3461713
3461887
3462079
3462515
3462852
3463010
3463378
3463904
3464699
3465097
3465675
3465718
3466195
3466694
3466922
3467316
3467532
3467792
3468438
3468476
3469730
3469743
3469984
3470889
3472186
3472316
3472486
3473312
3474583
3474646
3474948
3475381
3475834
3476236
3477027
3477309
3477511
3477765
3477807
3478192
3478712
3478820
3478936
3478941
3478947
3479811
3480561
3480808
3480824
3481052
3481499
3482932
3483173
3483754
3483864
3484442
3484768
3485261
3485567
3485860
3485866
3486133
3486444
3486856
3488113
3488249
3488827
3490583
3491158
3491381
3491581
3491921
3492973
3493014
3493132
3494104
3494226
3494492
3495773
3495876
3496513
3496687
3496750
3497193
3497368
3497625
3498442
3500077
3500302
3501538
3501549
3501875
3502539
3502796
3503956
3504073
3504701
3504794
3505086
3505235
3505374
3505500
3505513
3505721
3505783
3505898
3506015
3506155
3506898
3506906
3506950
3507098
3507249
3507273
3507389
3507476
3507925
3508297
3508426
3508839
3509206
3509735
3509806
3509815
3510543
3510907
3511638
3511871
3511947
3511963
3512106
3512868
3513185
3513322
3514408
3514555
3515227
3515975
3516026
3516208
3517206
3517316
3518725
3519112
3519165
3519437
3519674
3520176
3520242
3520912
3521094
3521107
3521221
3521902
3522542
3522544
3523057
3523315
3523735
3524699
3524798
3524807
3525233
3525816
3526361
3526582
3526938
3527708
3528412
3528558
3528753
3528926
3529110
3529201
3529833
3531165
3531463
3531467
3531604
3531717
3531894
3532197
3532600
3532764
3533037
3533428
3533833
3534137
3535267
3535559
3535965
3535991
3536688
3537900
3538701
3538965
3539007
3539079
3539241
3539874
3540252
3540448
3540778
3541829
3542579
3542724
3542895
3543153
3543690
3544589
3544679
3544967
3545399
3546382
3547118
3547236
3547340
3547580
3548296
3549138
3549250
3549396
3550289
3551380
3551775
3552805
3552884
3553034
3553098
3553318
3553646
3553700
3554077
3554848
3557685
3558638
3558750
3560404
3560556
3560755
3561145
3561614
3561689
3562010
3562540
3562620
3562762
3562773
3562778
3563229
3563377
3563428
3563620
3563701
3563800
3563816
3564248
3564447
3564463
3564675
3565147
3565637
3565928
3566057
3567434
3567525
3567632
3567686
3568095
3569680
3569747
3569847
3570052
3570165
3570335
3570383
3570599
3570781
3571274
3571567
3572089
3573156
3573566
3573589
3573734
3574200
3574264
3574407
3575255
3575442
3576044
3576332
3576738
3578275
3578967
3579361
3580934
3581129
3581294
3583010
3583553
3583779
3584038
3585145
3585383
3585623
3586175
3586322
3587010
3587056
3587394
3587921
3587967
3589277
3589445
3589775
3589980
3590539
3591545
3593582
3596479
3596705
3597096
3598271
3598325
3598338
3598580
3598750
3598893
3599598
3599745
3600649
3600737
3601752
3602066
3602382
3602605
3603175
3603219
3603674
3603707
3603722
3604291
3605227
3605750
3605776
3606801
3607566
3608317
3609106
3609774
3610567
3610617
3611735
3611992
3611998
3613785
3614552
3615077
3615576
3615711
3615716
3616115
3617935
3618585
3618709
3618844
3619088
3619668
3620148
3620776
3620811
3620886
3621901
3621966
3621976
3622965
3622999
3623466
3623717
3623899
3623903
3623968
3623974
3624048
3624429
3624452
3624514
3625015
3625099
3625110
3625223
3625278
3625345
3625637
3625662
3625969
3626029
3626379
3626647
3626832
3628351
3628704
3628963
3629320
3629516
3629587
3629810
3630338
3631031
3631411
3631591
3632048
3633156
3633467
3633563
3633831
3633846
3633913
3634558
3635403
3636087
3637142
3637338
3637347
3637713
3638370
3639041
3639637
3639845
3640270
3640276
3640897
3641100
3641203
3641786
3641810
3641887
3641980
3643059
3643452
3643459
3643572
3644993
3645008
3645936
3646191
3646428
3646483
3647058
3647272
3648264
3648379
3648507
3649692
3649722
3650742
3650944
3651119
3652933
3653049
3654496
3654932
3655220
3655240
3655658
3655854
3655876
3655935
3656005
3656341
3656716
3657261
3657877
3658053
3658877
3659970
3660006
3660246
3660507
3660590
3660851
3660887
3661673
3661964
3662113
3662779
3664125
3664223
3665046
3665162
3665352
3665368
3665739
3665921
3666419
3666541
3666799
3667110
3667131
3667164
3668325
3668412
3668834
3669153
3670055
3670172
3670358
3670743
3671192
3671515
3671568
3671976
3672829
3672836
3672852
3672942
3672952
3673461
3674545
3675113
3675332
3675675
3676676
3676743
3677019
3677056
3677191
3677323
3677544
3677851
3678732
3680758
3681286
3681936
3681953
3681986
3682388
3683043
3683243
3683597
3683772
3683778
3684337
3684719
3684980
3685556
3685628
3686438
3686480
3687071
3687141
3687235
3687255
3687799
3687949
3688177
3688294
3688819
3688968
3689105
3689752
3689765
3689891
3690062
3690964
3691101
3691236
3691424
3691603
3692672
3693788
3694219
3694464
3695403
3695986
3696577
3697201
3697281
3697831
3699163
3700523
3701759
3701918
3702134
3702252
3702301
3702983
3703731
3703785
3703950
3703992
3704752
3705248
3705267
3705974
3706404
3706441
3706548
3707274
3707307
3707473
3708120
3708639
3709711
3709726
3710065
3710302
3710754
3711245
3711424
3711486
3711750
3712126
3712570
3712634
3713543
3713857
3713966
3714072
3714956
3715100
3716007
3716428
3716667
3716985
3719458
3719530
3720720
3720806
3720833
3721323
3721549
3722627
3722875
3722917
3723278
3723576
3723694
3724122
3724412
3724450
3724519
3724537
3724875
3725804
3725888
3726021
3726230
3726312
3727041
3727761
3727797
3727869
3727881
3728201
3728332
3728560
3728663
3729147
3729272
3729545
3729945
3730355
3730432
3730820
3731144
3732229
3732763
3732845
3733566
3733667
3733796
3733976
3734312
3734330
3735482
3735838
3736672
3737408
3737444
3737653
3738601
3739203
3739245
3739727
3740085
3740345
3740373
3742655
3742676
3743488
3743982
3744506
3744880
3744886
3746564
3746893
3746902
3747426
3747933
3748241
3748452
3748459
3748762
3748879
3749257
3749541
3750033
3750070
3750780
3751198
3751267
3751439
3752283
3752489
3752608
3752773
3752888
3753570
3753744
3754340
3754452
3754789
3754816
3755412
3755507
3755592
3755928
3755992
3756395
3756590
3756709
3756891
3757114
3757266
3758320
3758889
3758910
3759190
3759596
3759905
3760178
3760503
3760941
3761048
3761467
3761832
3761968
3762613
3762647
3763155
3763292
3763310
3763781
3763824
3764102
3766496
3766646
3766692
3767119
3767265
3767499
3767691
3767945
3768229
3768564
3769162
3769842
3770615
3771541
3771893
3772262
3772862
3773360
3773716
3774631
3774639
3774640
3775269
3775278
3775521
3775878
3776170
3776562
3777370
3777744
3777787
3778148
3778297
3778669
3779734
3780347
3780423
3780723
3781488
3781550
3782558
3782725
3783166
3783184
3783349
3783622
3783631
3784485
3784953
3785062
3785174
3786117
3786231
3786702
3786810
3786939
3788497
3788529
3789647
3789883
3790272
3790437
3790845
3791833
3791860
3791948
3792677
3792821
3792869
3793826
3793853
3795019
3795176
3795829
3796838
3796993
3797204
3797326
3798379
3798923
3799174
3799359
3799558
3800989
3801318
3801477
3801796
3801995
3802196
3802792
3802874
3804523
3804790
3804830
3805312
3805384
3805398
3805617
3805689
3805999
3806032
3806166
3806630
3806636
3806917
3807236
3808530
3808692
3809916
3809949
3810997
3811535
3812120
3812664
3813269
3813818
3815576
3815832
3816072
3816359
3817044
3817079
3817229
3817353
3817618
3817875
3818208
3818226
3818679
3819047
3819078
3819375
3819471
3819836
3819934
3819985
3820525
3820650
3820670
3820673
3820922
3821036
3821120
3821270
3823527
3824094
3824120
3824345
3824572
3824608
3824712
3825483
3825591
3825720
3825840
3826308
3826589
3826975
3827110
3827335
3827445
3827605
3827658
3827669
3827980
3828329
3828338
3828871
3829217
3829557
3829559
3829831
3831188
3831263
3831928
3831933
3832056
3833140
3833445
3834208
3834955
3835106
3835506
3835547
3835629
3836709
3836760
3837307
3837484
3837944
3838155
3838193
3838676
3838713
3838720
3839926
3840250
3840265
3840501
3840840
3840951
3841060
3841256
3841798
3841878
3841894
3842297
3843112
3843647
3843702
3844889
3846066
3846084
3847267
3847335
3847378
3847740
3847872
3848111
3848251
3848579
3849025
3849635
3850061
3850091
3850160
3850293
3850713
3852356
3852662
3853154
3853736
3853837
3854190
3854850
3854966
3854999
3855157
3855442
3855958
3856069
3856293
3856349
3856707
3857036
3857246
3857689
3857885
3857919
3857981
3858211
3858249
3858403
3858631
3859252
3859786
3860340
3860945
3861224
3861506
3861597
3862336
3862358
3862565
3863112
3863615
3863660
3863968
3864627
3864931
3865478
3865917
3866353
3866912
3867870
3867956
3867969
3868393
3868480
3868807
3869465
3869725
3869929
3870140
3871218
3871970
3872862
3873309
3873381
3873494
3873531
3873827
3874845
3874968
3875166
3876783
3877154
3877260
3877647
3877762
3878118
3878626
3879035
3879048
3879531
3879538
3879655
3879751
3879800
3880007
3880122
3880212
3880720
3880737
3880783
3881599
3881637
3881954
3882044
3882700
3883119
3883604
3883918
3884000
3884900
3884955
3885799
3887198
3887203
3887475
3887545
3887787
3887933
3889026
3889178
3889509
3890375
3891077
3891621
3892536
3892816
3893377
3893392
3893694
3894946
3895535
3896120
3896248
3896366
3896670
3896775
3896856
3896910
3896987
3897401
3897510
3897937
3898129
3898756
3899570
3900133
3900356
3900595
3900929
3901058
3901147
3903762
3904277
3904582
3904670
3904728
3904887
3905005
3905081
3905237
3905413
3905528
3906082
3906513
3907632
3907740
3907745
3907890
3908247
3908588
3909580
3909784
3910246
3910848
3911263
3911364
3911421
3911865
3912262
3912382
60d936dcc20ebf4c2660c0e1a1dc0bdb
